1 32
4 65
5 192
6 193
9 196
17 66
18 67
21 268
24 68
28 69
29 200
30 201
32 282
38 70
39 71
44 72
47 73
48 204
49 205
58 74
60 75
62 76
68 77
69 78
75 79
76 210
80 214
87 80
89 81
90 82
92 344
94 83
97 352
100 84
104 85
109 220
115 86
116 87
121 88
122 89
124 221
127 90
129 381
258 97
259 224
260 225
263 228
268 261
271 98
272 99
273 263
275 269
282 100
286 101
287 232
288 233
290 283
295 281
296 102
336 103
346 104
349 105
350 236
351 237
361 106
364 107
367 108
371 322
373 109
374 110
381 111
382 242
383 243
386 246
393 112
395 113
396 114
398 345
400 115
401 347
403 353
410 116
437 117
442 252
448 118
449 119
454 120
455 121
457 253
460 122
462 382
463 380
853 44
855 58
856 46
876 47
878 45
882 45
894 40
895 41
896 91
897 93
923 64
940 163
1004 48
1005 49
1006 50
1007 51
1008 52
1009 53
1010 54
1011 55
1012 56
1013 57
1081 37
1085 43
1086 45
